restriction on mass
-----------------------
applied_impulse=1.0000000000000002
Elapsed time: 0:00:00.134146
base: 1149.8812198448952
with [80000.00000000001, 80000.00000000001, 80000.00000000001, 80000.00000000001, 0.018750000000000003, 0.018750000000000003, 0.018750000000000003, 0.018750000000000003, 2164.507226049777, 2164.507226049777, 2164.507226049777, 2164.507226049777, 0.11000000000000003, 0.11000000000000003, 0.11000000000000003, 0.11000000000000003]
uniform optimal: 368.05124839718485
with [80000.00000000001, 80000.00000000001, 80000.00000000001, 80000.00000000001, 0.018750000000000003, 0.018750000000000003, 0.018750000000000003, 0.018750000000000003, 172.5891606763583, 172.5891606763583, 172.5891606763583, 172.5891606763583, 0.10965984263132114, 0.10965984263132114, 0.10965984263132114, 0.10965984263132114]
functionally graded optimal: 336.84167067821926
with [80000.00000000001, 80000.00000000001, 80000.00000000001, 80000.00000000001, 0.018750000000000003, 0.018750000000000003, 0.018750000000000003, 0.018750000000000003, 99.44140125139269, 118.33071764111946, 431.1296084125444, 1081.2805792257313, 0.007579994422978722, 0.10977677624539875, 0.1084903637996231, 0.10821767552975387]


restriction on mass sum
-----------------------
base: 1149.8812198448952
with [80000.00000000001, 80000.00000000001, 80000.00000000001, 80000.00000000001, 0.018750000000000003, 0.018750000000000003, 0.018750000000000003, 0.018750000000000003, 2164.507226049777, 2164.507226049777, 2164.507226049777, 2164.507226049777, 0.11000000000000003, 0.11000000000000003, 0.11000000000000003, 0.11000000000000003]
uniform optimal: 365.48052256326775
with [80000.00000000001, 80000.00000000001, 80000.00000000001, 80000.00000000001, 0.018750000000000003, 0.018750000000000003, 0.018750000000000003, 0.018750000000000003, 171.92546118365036, 171.92546118365036, 171.92546118365036, 171.92546118365036, 0.10938552275375085, 0.10938552275375085, 0.10938552275375085, 0.10938552275375085]
functionally graded optimal: 228.11305472928296
with [80000.00000000001, 80000.00000000001, 80000.00000000001, 80000.00000000001, 0.018750000000000003, 0.018750000000000003, 0.018750000000000003, 0.018750000000000003, 185.07770667169612, 185.10949161632985, 170.53672525835995, 211.78406047520744, 0.01305202776386405, 0.010150058125529049, 0.01230754103098286, 0.4011041435598817]


density based restriction on mass sum
-------------------------------------
Elapsed time: 0:00:00.098131
base: 1149.8812198448952
with [80000.00000000001, 80000.00000000001, 80000.00000000001, 80000.00000000001, 0.018750000000000003, 0.018750000000000003, 0.018750000000000003, 0.018750000000000003, 2164.507226049777, 2164.507226049777, 2164.507226049777, 2164.507226049777, 0.11000000000000003, 0.11000000000000003, 0.11000000000000003, 0.11000000000000003]
uniform optimal: 56.19518841679722
with [1384.5445915622308, 1384.5445915622308, 1384.5445915622308, 1384.5445915622308, 0.018750000000000003, 0.018750000000000003, 0.018750000000000003, 0.018750000000000003, 37.46070966530731, 37.46070966530731, 37.46070966530731, 37.46070966530731, 0.10424058665170942, 0.10424058665170942, 0.10424058665170942, 0.10424058665170942]
functionally graded optimal: 56.19518894060347
with [1384.5445915622308, 1384.5445915622308, 1384.5445915622308, 1384.5445915622308, 0.018750000000000003, 0.018750000000000003, 0.018750000000000003, 0.018750000000000003, 37.46070966530731, 37.46070966530731, 37.46070966530731, 37.46070966530731, 0.10424057665170944, 0.10424057665170944, 0.10424057665170944, 0.10424058665170943]
